0 0
1 0
2 0
3 0
0 1
1 1
2 1
3 1
0 2
1 2
2 2
3 2
0 3
1 3
2 3
3 3
4.25 0
4.10518476172854 1.0999809416857131
3.6806079660838646 2.1249999999999996
3.0052038200428273 3.0052038200428273
2.1250000000000004 3.680607966083864
1.099980941685714 4.10518476172854
2.6023744481881253E-16 4.25
5.5 0
5.312592044589875 1.423504748063864
4.763139720814413 2.7499999999999996
3.8890872965260117 3.8890872965260117
2.7500000000000004 4.763139720814412
1.4235047480638654 5.312592044589875
3.3677786976552215E-16 5.5
6.75 0
6.519999327451211 1.747028554442015
5.845671475544961 3.3749999999999996
4.772970773009196 4.772970773009196
3.375000000000001 5.84567147554496
1.7470285544420165 6.5199993274512105
4.133182947122317E-16 6.75
8 0
7.7274066103125465 2.070552360820166
6.92820323027551 3.9999999999999996
5.656854249492381 5.656854249492381
4.000000000000001 6.928203230275509
2.0705523608201677 7.727406610312546
4.898587196589413E-16 8
