0 1 2 9 16 15 14 7 1
2 3 4 11 18 17 16 9 1
4 5 6 13 20 19 18 11 1
14 15 16 23 30 29 28 21 1
16 17 18 25 32 31 30 23 1
18 19 20 27 34 33 32 25 1
28 29 30 37 44 43 42 35 1
30 31 32 39 46 45 44 37 1
32 33 34 41 48 47 46 39 1
6 49 62 63 64 51 20 13 2
20 51 64 65 66 53 34 27 2
34 53 66 67 68 55 48 41 1
46 47 48 55 68 69 70 57 1
44 45 46 57 70 71 72 59 1
42 43 44 59 72 73 74 61 1
62 75 88 89 90 77 64 63 2
64 77 90 91 92 79 66 65 2
74 73 72 85 98 99 100 87 1
88 101 114 115 116 103 90 89 2
90 103 116 117 118 105 92 91 2
100 99 98 111 124 125 126 113 1
114 127 140 141 142 129 116 115 2
116 129 142 143 144 131 118 117 2
118 131 144 145 146 133 120 119 1
122 121 120 133 146 147 148 135 1
124 123 122 135 148 149 150 137 1
126 125 124 137 150 151 152 139 1
