0 0
0.25 0
0.5 0
0.75 0
1 0
1.25 0
1.5 0
1.75 0
2 0
2.25 0
2.5 0
2.75 0
3 0
0 0.25
0.25 0.25
0.5 0.25
0.75 0.25
1 0.25
1.25 0.25
1.5 0.25
1.75 0.25
2 0.25
2.25 0.25
2.5 0.25
2.75 0.25
3 0.25
0 0.5
0.25 0.5
0.5 0.5
0.75 0.5
1 0.5
1.25 0.5
1.5 0.5
1.75 0.5
2 0.5
2.25 0.5
2.5 0.5
2.75 0.5
3 0.5
0 0.75
0.25 0.75
0.5 0.75
0.75 0.75
1 0.75
1.25 0.75
1.5 0.75
1.75 0.75
2 0.75
2.25 0.75
2.5 0.75
2.75 0.75
3 0.75
0 1
0.25 1
0.5 1
0.75 1
1 1
1.25 1
1.5 1
1.75 1
2 1
2.25 1
2.5 1
2.75 1
3 1
0 1.25
0.25 1.25
0.5 1.25
0.75 1.25
1 1.25
1.25 1.25
1.5 1.25
1.75 1.25
2 1.25
2.25 1.25
2.5 1.25
2.75 1.25
3 1.25
0 1.5
0.25 1.5
0.5 1.5
0.75 1.5
1 1.5
1.25 1.5
1.5 1.5
1.75 1.5
2 1.5
2.25 1.5
2.5 1.5
2.75 1.5
3 1.5
0 1.75
0.25 1.75
0.5 1.75
0.75 1.75
1 1.75
1.25 1.75
1.5 1.75
1.75 1.75
2 1.75
2.25 1.75
2.5 1.75
2.75 1.75
3 1.75
0 2
0.25 2
0.5 2
0.75 2
1 2
1.25 2
1.5 2
1.75 2
2 2
2.25 2
2.5 2
2.75 2
3 2
0 2.25
0.25 2.25
0.5 2.25
0.75 2.25
1 2.25
1.25 2.25
1.5 2.25
1.75 2.25
2 2.25
2.25 2.25
2.5 2.25
2.75 2.25
3 2.25
0 2.5
0.25 2.5
0.5 2.5
0.75 2.5
1 2.5
1.25 2.5
1.5 2.5
1.75 2.5
2 2.5
2.25 2.5
2.5 2.5
2.75 2.5
3 2.5
0 2.75
0.25 2.75
0.5 2.75
0.75 2.75
1 2.75
1.25 2.75
1.5 2.75
1.75 2.75
2 2.75
2.25 2.75
2.5 2.75
2.75 2.75
3 2.75
0 3
0.25 3
0.5 3
0.75 3
1 3
1.25 3
1.5 3
1.75 3
2 3
2.25 3
2.5 3
2.75 3
3 3
3.625 0
3.6159101652096735 0.26368407923380477
3.606820330419347 0.5273681584676095
3.5797063556418083 0.788679314655233
3.55259238086427 1.0499904708428565
3.507918193725377 1.306596382309336
3.4632440065864842 1.5632022937758157
3.4017739948142083 1.8128511468879078
3.3403039830419323 2.0625
3.2630899155804034 2.3030590183217656
3.185875848118875 2.5436180366435313
3.0942388790701445 2.7731099733324722
3.0026019100214136 3.0026019100214136
2.7731099733324722 3.0942388790701445
2.5436180366435313 3.185875848118875
2.3030590183217656 3.2630899155804034
2.0625 3.340303983041932
1.8128511468879078 3.4017739948142083
1.5632022937758159 3.4632440065864842
1.3065963823093365 3.507918193725377
1.049990470842857 3.55259238086427
0.7886793146552333 3.5797063556418083
0.5273681584676099 3.606820330419347
0.263684079233805 3.6159101652096735
1.3011872240940627E-16 3.625
4.25 0
4.231820330419347 0.2773681584676096
4.213640660838694 0.5547363169352192
4.159412711283617 0.8273586293104662
4.10518476172854 1.0999809416857131
4.015836387450754 1.3631927646186723
3.9264880131729685 1.6264045875516315
3.8035479896284166 1.8757022937758157
3.6806079660838646 2.1249999999999996
3.5261798311608072 2.3561180366435313
3.37175169623775 2.5872360732870625
3.1884777581402886 2.796219946664945
3.0052038200428273 3.0052038200428273
2.7962199466649453 3.188477758140288
2.587236073287063 3.3717516962377494
2.3561180366435317 3.526179831160807
2.1250000000000004 3.680607966083864
1.875702293775816 3.8035479896284166
1.6264045875516318 3.9264880131729685
1.363192764618673 4.015836387450754
1.099980941685714 4.10518476172854
0.8273586293104669 4.159412711283617
0.5547363169352197 4.213640660838694
0.27736815846761 4.231820330419347
2.6023744481881253E-16 4.25
4.875 0
4.854146849598663 0.31815759353637574
4.833293699197325 0.6363151870727515
4.771091051178266 0.9490290159737701
4.708888403159207 1.2617428448747887
4.606400562075865 1.5636622888273006
4.503912720992522 1.8655817327798125
4.36289328222083 2.1515408663899063
4.2218738434491385 2.4374999999999996
4.044735688684455 2.7026059832087563
3.867597533919772 2.9677119664175127
3.6573715461020955 3.207428762350966
3.4471455582844195 3.4471455582844195
3.2074287623509665 3.6573715461020955
2.9677119664175136 3.8675975339197715
2.7026059832087572 4.0447356886844545
2.4375000000000004 4.2218738434491385
2.1515408663899067 4.36289328222083
1.865581732779813 4.503912720992522
1.5636622888273013 4.606400562075865
1.2617428448747896 4.708888403159207
0.9490290159737709 4.771091051178266
0.6363151870727521 4.833293699197325
0.31815759353637624 4.854146849598663
2.985076572921673E-16 4.875
5.5 0
5.476473368777979 0.3589470286051418
5.4529467375559575 0.7178940572102837
5.382769391072916 1.0706994026370737
5.312592044589875 1.423504748063864
5.196964736700976 1.764131813035929
5.081337428812077 2.1047588780079938
4.922238574813245 2.427379439003997
4.763139720814413 2.7499999999999996
4.563291546208104 3.0490939297739814
4.363443371601794 3.348187859547963
4.126265334063903 3.6186375780369873
3.8890872965260117 3.8890872965260117
3.6186375780369877 4.126265334063902
3.3481878595479637 4.363443371601793
3.0490939297739823 4.563291546208102
2.7500000000000004 4.763139720814412
2.4273794390039973 4.922238574813244
2.104758878007994 5.081337428812077
1.7641318130359298 5.196964736700976
1.4235047480638654 5.312592044589875
1.0706994026370749 5.382769391072916
0.7178940572102844 5.4529467375559575
0.3589470286051424 5.476473368777979
3.3677786976552215E-16 5.5
6.125 0
6.098799887957295 0.3997364636739079
6.072599775914589 0.7994729273478158
5.994447730967567 1.1923697893003777
5.916295686020543 1.5852666512529394
5.7875289113260875 1.9646013372445572
5.658762136631632 2.343936023236175
5.481583867405659 2.7032180116180875
5.304405598179687 3.0624999999999996
5.081847403731752 3.3955818763392065
4.859289209283816 3.7286637526784134
4.595159122025709 4.029846393723009
4.331029034767604 4.331029034767604
4.029846393723009 4.595159122025709
3.728663752678414 4.859289209283816
3.3955818763392074 5.081847403731751
3.062500000000001 5.304405598179686
2.703218011618088 5.481583867405659
2.343936023236175 5.658762136631632
1.964601337244558 5.7875289113260875
1.585266651252941 5.916295686020543
1.1923697893003788 5.994447730967567
0.7994729273478167 6.072599775914589
0.3997364636739085 6.098799887957295
3.7504808223887693E-16 6.125
6.75 0
6.721126407136611 0.44052589874267406
6.69225281427322 0.8810517974853481
6.606126070862215 1.3140401759636815
6.519999327451211 1.747028554442015
6.378093085951198 2.1650708614531857
6.236186844451185 2.5831131684643562
6.040929159998074 2.979056584232178
5.845671475544961 3.3749999999999996
5.6004032612554 3.7420698229044316
5.355135046965838 4.109139645808864
5.064052909987517 4.44105520940903
4.772970773009196 4.772970773009196
4.44105520940903 5.064052909987517
4.109139645808864 5.355135046965837
3.7420698229044325 5.600403261255399
3.375000000000001 5.84567147554496
2.9790565842321786 6.040929159998073
2.5831131684643562 6.236186844451185
2.165070861453186 6.378093085951198
1.7470285544420165 6.5199993274512105
1.3140401759636828 6.606126070862215
0.881051797485349 6.69225281427322
0.4405258987426747 6.721126407136611
4.133182947122317E-16 6.75
7.375 0
7.343452926315926 0.4813153338114402
7.311905852631852 0.9626306676228804
7.217804410756866 1.4357105626269855
7.123702968881879 1.9087904576310906
6.968657260576309 2.365540385661814
6.813611552270739 2.8222903136925375
6.6002744525904875 3.2548951568462687
6.386937352910236 3.6874999999999996
6.118959118779048 4.088557769469657
5.850980884647861 4.489615538939314
5.532946697949324 4.852264025095051
5.214912511250788 5.214912511250788
4.852264025095051 5.532946697949324
4.489615538939315 5.850980884647859
4.0885577694696575 6.118959118779046
3.687500000000001 6.386937352910234
3.254895156846269 6.600274452590487
2.8222903136925375 6.813611552270739
2.3655403856618147 6.968657260576308
1.9087904576310921 7.123702968881878
1.4357105626269866 7.217804410756864
0.9626306676228813 7.311905852631852
0.48131533381144087 7.343452926315926
4.5158850718558645E-16 7.375
8 0
7.965779445495242 0.5221047688802063
7.931558890990483 1.0442095377604126
7.829482750651515 1.5573809492902893
7.7274066103125465 2.070552360820166
7.559221435201421 2.5660099098704423
7.391036260090294 3.0614674589207183
7.159619745182901 3.530733729460359
6.92820323027551 3.9999999999999996
6.637514976302696 4.435045716034882
6.346826722329882 4.870091432069764
6.001840485911131 5.2634728407810725
5.656854249492381 5.656854249492381
5.263472840781073 6.001840485911131
4.870091432069765 6.346826722329881
4.4350457160348835 6.637514976302695
4.000000000000001 6.928203230275509
3.53073372946036 7.159619745182901
3.0614674589207187 7.391036260090294
2.566009909870443 7.55922143520142
2.0705523608201677 7.727406610312546
1.5573809492902906 7.829482750651515
1.0442095377604137 7.931558890990483
0.5221047688802071 7.965779445495242
4.898587196589413E-16 8
8.625 0
8.588105964674558 0.5628942039489724
8.551211929349115 1.1257884078979448
8.441161090546164 1.679051335953593
8.331110251743214 2.2323142640092413
8.14978560982653 2.76647943407907
7.968460967909848 3.300644604148899
7.718965037775316 3.806572302074449
7.4694691076407835 4.312499999999999
7.156070833826344 4.781533662600107
6.842672560011904 5.2505673252002145
6.470734273872939 5.674681656467094
6.098795987733973 6.098795987733973
5.674681656467094 6.470734273872939
5.250567325200215 6.842672560011904
4.781533662600108 7.156070833826343
4.312500000000001 7.469469107640783
3.8065723020744504 7.718965037775315
3.3006446041489 7.968460967909848
2.7664794340790717 8.14978560982653
2.2323142640092435 8.331110251743214
1.6790513359535948 8.441161090546164
1.125788407897946 8.551211929349115
0.5628942039489733 8.588105964674558
5.281289321322961E-16 8.625
9.25 0
9.210432483853873 0.6036836390177385
9.170864967707747 1.207367278035477
9.052839430440814 1.8007217226168968
8.934813893173882 2.3940761671983166
8.740349784451642 2.9669489582876984
8.545885675729401 3.5398217493770803
8.27831033036773 4.08241087468854
8.010734985006058 4.624999999999999
7.674626691349992 5.128021609165332
7.338518397693926 5.631043218330665
6.939628061834746 6.085890472153115
6.540737725975565 6.540737725975565
6.085890472153116 6.939628061834745
5.6310432183306665 7.338518397693925
5.128021609165334 7.6746266913499905
4.625000000000001 8.010734985006057
4.0824108746885415 8.278310330367729
3.539821749377081 8.545885675729401
2.9669489582877002 8.740349784451642
2.394076167198319 8.934813893173882
1.8007217226168986 9.052839430440814
1.2073672780354783 9.170864967707747
0.6036836390177395 9.210432483853873
5.663991446056508E-16 9.25
9.875 0
9.832759003033189 0.6444730740865046
9.790518006066378 1.2889461481730091
9.664517770335465 1.9223921092802008
9.53851753460455 2.5558380703873924
9.330913959076753 3.167418482496327
9.123310383548956 3.7789988946052615
8.837655622960146 4.35824944730263
8.552000862371333 4.937499999999999
8.19318254887364 5.474509555730558
7.834364235375948 6.011519111461116
7.408521849796553 6.497099287839136
6.982679464217157 6.982679464217157
6.497099287839137 7.408521849796552
6.011519111461117 7.834364235375947
5.474509555730559 8.19318254887364
4.937500000000001 8.552000862371331
4.358249447302631 8.837655622960144
3.7789988946052624 9.123310383548956
3.1674184824963283 9.330913959076753
2.555838070387394 9.538517534604548
1.9223921092802025 9.664517770335463
1.2889461481730107 9.790518006066378
0.6444730740865057 9.832759003033189
6.046693570790056E-16 9.875
10.5 0
10.455085522212505 0.6852625091552708
10.41017104442501 1.3705250183105415
10.276196110230114 2.0440624959435048
10.142221176035218 2.7175999735764678
9.921478133701864 3.3678880067049555
9.70073509136851 4.018176039833443
9.397000915552558 4.634088019916721
9.093266739736606 5.249999999999999
8.711738406397288 5.820997502295782
8.33021007305797 6.391995004591566
7.877415637758359 6.908308103525158
7.4246212024587495 7.4246212024587495
6.908308103525158 7.877415637758359
6.391995004591567 8.33021007305797
5.820997502295784 8.711738406397288
5.250000000000001 9.093266739736606
4.634088019916723 9.397000915552558
4.018176039833444 9.70073509136851
3.367888006704957 9.921478133701864
2.71759997357647 10.142221176035216
2.0440624959435065 10.276196110230114
1.370525018310543 10.41017104442501
0.6852625091552719 10.455085522212505
6.429395695523604E-16 10.5
11.125 0
11.07741204139182 0.726051944224037
11.029824082783641 1.452103888448074
10.887874450124762 2.1657328826068083
10.745924817465884 2.879361876765543
10.512042308326974 3.5683575309135835
10.278159799188064 4.257353185061624
9.956346208144971 4.9099265925308115
9.63453261710188 5.562499999999999
9.230294263920936 6.167485448861008
8.826055910739992 6.772470897722016
8.346309425720168 7.319516919211179
7.866562940700343 7.866562940700343
7.31951691921118 8.346309425720168
6.772470897722018 8.826055910739992
6.16748544886101 9.230294263920936
5.562500000000001 9.634532617101879
4.909926592530812 9.956346208144971
4.257353185061625 10.278159799188064
3.5683575309135853 10.512042308326974
2.879361876765546 10.745924817465884
2.1657328826068105 10.887874450124762
1.4521038884480753 11.029824082783641
0.726051944224038 11.07741204139182
6.812097820257152E-16 11.125
11.75 0
11.699738560571136 0.766841379292803
11.649477121142272 1.533682758585606
11.499552790019411 2.2874032692701123
11.349628458896552 3.041123779954619
11.102606482952085 3.768827055122212
10.855584507007618 4.496530330289805
10.515691500737386 5.185765165144902
10.175798494467156 5.874999999999999
9.748850121444585 6.513973395426232
9.321901748422015 7.152946790852466
8.815203213681976 7.7307257348972005
8.308504678941935 8.308504678941935
7.730725734897201 8.815203213681974
7.152946790852468 9.321901748422013
6.513973395426234 9.748850121444583
5.875000000000001 10.175798494467154
5.185765165144903 10.515691500737386
4.496530330289805 10.855584507007618
3.7688270551222134 11.102606482952085
3.041123779954621 11.349628458896552
2.2874032692701145 11.499552790019411
1.5336827585856077 11.649477121142272
0.7668413792928042 11.699738560571136
7.1947999449907E-16 11.75
12.375 0
12.322065079750452 0.8076308143615691
12.269130159500904 1.6152616287231383
12.111231129914062 2.4090736559334163
11.95333210032722 3.2028856831436943
11.693170657577197 3.96929657933084
11.433009214827173 4.7357074755179855
11.0750367933298 5.461603737758992
10.717064371832429 6.187499999999999
10.267405978968233 6.860461341991458
9.817747586104037 7.533422683982916
9.284097001643783 8.141934550583223
8.750446417183527 8.750446417183527
8.141934550583223 9.284097001643781
7.533422683982918 9.817747586104035
6.86046134199146 10.267405978968231
6.187500000000002 10.717064371832429
5.461603737758994 11.0750367933298
4.735707475517986 11.433009214827173
3.9692965793308415 11.693170657577197
3.2028856831436965 11.95333210032722
2.409073655933418 12.111231129914062
1.61526162872314 12.269130159500904
0.8076308143615704 12.322065079750452
7.577502069724247E-16 12.375
13 0
12.944391598929768 0.8484202494303352
12.888783197859535 1.6968404988606705
12.722909469808712 2.5307440425967203
12.557035741757888 3.3646475863327696
12.283734832202308 4.169766103539468
12.010433922646728 4.974884620746167
11.634382085922216 5.737442310373083
11.258330249197703 6.499999999999999
10.78596183649188 7.206949288556683
10.313593423786058 7.913898577113367
9.752990789605589 8.553143366269243
9.19238815542512 9.19238815542512
8.553143366269243 9.752990789605589
7.913898577113368 10.313593423786058
7.206949288556685 10.785961836491879
6.500000000000002 11.258330249197702
5.737442310373085 11.634382085922216
4.974884620746168 12.010433922646728
4.1697661035394695 12.283734832202306
3.3646475863327723 12.557035741757886
2.530744042596722 12.72290946980871
1.6968404988606722 12.888783197859535
0.8484202494303366 12.944391598929768
7.960204194457795E-16 13
