0
0.40000000000000013
0.8000000000000003
1.2000000000000004
1.6000000000000005
2.0000000000000004
2.4000000000000004
2.7999999999999994
3.200000000000001
3.5999999999999996
4.000000000000001
0
0.40501031745439353
0.8104417776191225
1.2167616768115812
1.6245642056388399
2.0346277685428977
2.4481704286403336
2.8669834728807677
3.294912194260729
3.737942711407342
4.2190446376247
0
0.40970821286153347
0.8202171852545089
1.2324117071528478
1.6473962747976376
2.0666021767529292
2.4921079647069444
2.926992382404746
3.3761183540935336
3.8488008863435246
4.356554942309383
0
0.4138131963715822
0.8287329179483872
1.2459733881722388
1.6670230019843035
2.09375884273338
2.5287883963577484
2.975636925252423
3.4394997785702515
3.927352105373044
4.44783520375833
0
0.41710717663188135
0.8355332157937666
1.2567159741259548
1.682383627231221
2.1146721848331596
2.556391868963923
3.0111919202175015
3.4837561009488818
3.979947339917787
4.505756048705862
0
0.41944293089673523
0.8403162628524948
1.2641701459533081
1.6928422553477465
2.128562271286211
2.5741879454531396
3.0332711767785248
3.510222313646483
4.010066895338196
4.538271317636264
0
0.4207578476808921
0.8429581062549568
1.268157054757733
1.698182944332488
2.135236621455256
2.582103438081485
3.042251015965223
3.5199021690681995
4.020010041243556
4.547391664740548
0
0.42106278361664057
0.84348671844249
1.2687351027592075
1.6985190045761307
2.1348899937157078
2.58047850787733
3.0385884471538716
3.513571219148126
4.0107392486841
4.535735632725258
0
0.4204449691636489
0.8420884066969158
1.2662098979042307
1.694301718979489
2.1281418114126462
2.5700405579134658
3.0230322021750906
3.491277802047752
3.9816405851792456
4.5015389905691165
0
0.4190511382553002
0.8390704980677893
1.2610857575680965
1.686269009730003
2.116002931339382
2.552083950264261
2.9968292996033385
3.454052235873513
3.9289030525104285
4.437002178171883
0
0.4170776589038778
0.834859392638693
1.2540442743548483
1.6754625125595146
2.099931749188149
2.528586541293699
2.9626038241458335
3.40377218498293
3.8546482158125848
4.316812159673639
6.199999999999999
6.217945456334816
6.239048598185321
6.204408678236985
6.158198088583193
6.0541811473830105
5.935150098398555
5.761889865583023
5.575428093100054
5.339958486129272
5.103525782660654
4.655148494776742
4.189344305653328
3.6902697932170647
3.190273107575432
2.6687926946706604
2.148533944479853
1.6141315479044878
1.080725447520518
0.5401869232157436
2.571758278209443E-16
8.4
8.372332614665911
8.335074515613954
8.193530688210915
8.050228125554897
7.806706989515986
7.559439469323722
7.218069160925086
6.874099628884637
6.446313702282893
6.010571906541006
5.498709154157694
4.990054864294597
4.421358660783588
3.8512888432254107
3.235409208330965
2.619244574113385
1.9721835631953217
1.3251788826608126
0.6625668588632873
5.143516556418886E-16
10.600000000000001
10.542029778386599
10.483864431530991
10.296020138820959
10.106070100562595
9.791323570515768
9.473922342542929
9.040101064061808
8.604689924999057
8.06374345327686
7.521466079576741
6.88748450302953
6.251872007524274
5.540215641899382
4.828043339409829
4.05705441894489
3.2857815359284626
2.4745281288731116
1.6631713412990392
0.8315967159974098
6.49062803548097E-16
12.800000000000004
12.724910955228168
12.648780298429262
12.416842197542335
12.184367145439722
11.801333649022501
11.417314967162103
10.892444888656453
10.367320628714445
9.714943494253326
9.06182545322338
8.296971183903254
7.532435682483759
6.6751969229145605
5.817665592317959
4.888773485108809
3.9597362219358367
2.9821480660928534
2.004488022280468
1.0022546133747656
7.83773951454306E-16
14.999999999999998
14.909210458045182
14.818263463046657
14.544755304757881
14.270784366100632
13.820987735683339
13.370511679648558
12.755486639101882
12.140253323072342
11.375767099262807
10.611019321238873
9.715848535298184
8.82042321279306
7.81660957147583
6.812636360719683
5.724916049092897
4.637100881911432
3.492291399842969
2.3474328369359516
1.1737239803596915
9.184850993605146E-16
17.199999999999992
17.094889464941765
16.989646603977043
16.675194329556007
16.360543213645975
15.844316844408034
15.32780590461052
14.622546554111784
13.917269438850619
13.040749328329559
12.16415730832728
11.137819524537893
10.111488308165308
8.960681431428306
7.809831495668602
6.562878147721214
5.315890200987777
4.003489874051521
2.6910704181727483
1.3455381938463222
1.0531962472667239E-15
19.4
19.280946337822638
19.1618449514102
18.80680271056601
18.451632381476088
17.869243736169945
17.286666968284916
16.49128310631372
15.695877982252977
14.70730301900556
13.718681757077142
12.56121367103682
11.403699647939103
10.105830552955364
8.807924878454015
7.401609652047694
5.995271034207562
4.515141805701242
3.0349992732815725
1.5175017725399844
1.1879073951729326E-15
21.599999999999998
21.467212554135187
21.334399577496793
20.938911090436573
20.543362043395085
19.894854813409566
19.24626279848795
18.36071824403403
17.47517909222673
16.374520996423634
15.27385395016224
13.985152894805767
12.696445884941083
11.251432602344089
9.80641060992901
8.2406650555048
6.674911896582448
5.0269866434497095
3.37905694316053
1.6895291921129332
1.3226185430791415E-15
23.799999999999986
23.653563140776036
23.507113676602646
23.071252075248385
22.635356442459948
21.920778124879007
21.206152128018385
20.23045548901014
19.254753469821388
18.042014524890927
16.82926444848785
15.409332303963925
13.989389225211385
12.397224338644097
10.80505036012973
9.079856315070424
7.354655887559875
5.538912842761549
3.723166043310853
1.86158363936177
1.4573296909853498E-15
25.99999999999999
25.83994842773678
25.67989685547358
25.203683139573776
24.727469423673977
23.946819526285775
23.16616962889757
22.10030574132309
21.03444185374863
19.709609082299426
18.38477631085024
16.83359643522727
15.2824165596043
13.543084776416256
11.803752993228208
9.919097423488422
8.034441853748636
6.050868972397316
4.067296091046005
2.0336480455230035
1.5920408388915585E-15
